161 179 24
2 4907 5167 1105 1115
2 3692 2491 4170 1749
1 1623 312 5693 3758
2 6076 3278 1265 7516
2 7948 4437 3729 4606
2 7784 184 3123 721
1 3917 6467 6419 3903
1 3381 2253 4142 3780
1 4537 780 1027 2726
2 2851 4336 2701 3230
2 4575 4801 463 2379
2 6916 5164 4444 4035
1 7077 6668 270 1396
2 3072 7090 1362 6100
2 301 1704 4339 1136
1 6284 1077 6031 4131
1 4 2080 1399 7267
2 5655 120 6040 174
1 5109 2643 4895 6416
2 810 5869 4759 5887
2 3912 486 5487 1137
1 7225 2517 2165 3409
1 1982 1222 6569 3540
1 2751 5502 931 7972
2 4063 4346 2837 4482
1 3697 2981 3730 5314
1 2574 3869 3161 159
2 307 1595 884 1915
2 7209 5969 3733 2805
2 5665 3552 1221 2522
2 1896 2627 501 7169
2 5926 4822 5692 3065
2 1869 7345 1133 3741
1 1076 5510 7568 5450
1 1210 4185 7593 6
2 265 5522 788 1817
2 3481 738 6848 6715
2 4462 959 3142 3653
2 6111 4677 6999 1515
2 1941 6095 4218 4456
2 3296 2256 7381 657
1 340 7990 4923 7678
2 974 1075 2343 2709
2 430 430 4932 986
1 4139 3881 2035 2131
2 3486 4896 7920 7084
1 2540 5284 7715 2825
2 2367 6631 4898 2250
1 4935 6640 3308 2685
2 363 345 5454 5309
2 3917 7721 4599 4550
2 2419 7685 2479 4891
2 7955 295 6497 3527
2 7579 5599 5195 39
2 3824 989 963 4163
2 6993 6947 5573 3460
2 7681 7142 3557 7849
2 2587 2734 1777 7667
1 2252 1452 4579 4889
1 958 250 1460 7890
1 3806 7188 7502 1286
2 2142 2090 1229 4304
2 4854 6126 360 6353
2 4185 4856 5850 3692
2 1732 4761 4537 5531
2 1069 7115 375 472
2 5734 3316 1272 3720
1 2305 4680 1638 6166
2 6981 6586 6717 2747
1 6857 7499 7801 6574
2 7581 5179 4705 6660
2 7197 2174 2962 7168
1 5288 1193 939 7826
1 194 1994 1200 3417
1 2882 6748 4397 5226
1 5603 6725 1769 2302
2 6613 7292 1232 4689
2 4475 7508 267 7045
2 2005 4030 4370 2037
2 4011 4168 376 2932
2 5656 6656 3516 5058
2 421 7749 2607 25
1 1309 4498 4603 974
1 2335 538 5614 611
2 7551 757 3730 7514
1 2485 1768 3631 851
2 3753 4982 1233 4897
2 2144 521 3859 7397
2 1434 6970 2220 5902
1 4493 6745 4345 2292
2 1950 4835 3435 1446
1 6499 4107 3938 3676
2 134 6121 42 1523
2 7283 5852 922 2643
2 1884 6855 5671 277
1 1251 5826 3017 4930
1 2030 7849 2346 2441
1 1711 956 1545 1386
2 5598 2660 6029 7458
1 1661 7306 6053 2577
2 5673 7407 5564 6596
2 2684 3191 6948 6908
1 1908 7244 338 1986
2 4321 6978 7399 479
1 3240 1976 7761 377
2 5740 4630 6972 3930
1 46 798 5458 3504
1 3062 3703 7841 3730
1 7210 6113 7619 4325
1 1682 5530 184 2915
1 5833 131 4701 7595
1 1930 1753 2291 4639
1 4841 6031 5904 2379
2 3867 4696 6620 1701
1 521 3974 3692 7224
2 6652 7405 4930 6532
1 6560 6268 3402 5951
1 6583 6342 4417 312
1 7188 6599 466 4978
1 4900 4480 7367 738
1 6621 396 2410 3407
2 3251 5444 2227 7377
1 7216 6076 3677 359
2 3889 7626 3804 6352
2 6885 4850 6464 170
1 1171 7764 1036 7458
1 3688 6022 2371 7855
1 6129 4784 7160 5409
2 4631 3307 4762 1931
1 6005 2610 7570 3623
1 2883 2653 2882 1702
2 7958 1143 121 838
2 2360 236 4426 5219
2 6915 27 253 4133
2 3817 3334 4226 293
1 5566 7559 1691 3065
2 2065 6694 4642 4420
2 3532 7812 6317 5327
1 4148 6873 2152 690
2 7173 7550 5493 2326
1 3865 3871 1917 3927
1 4741 3375 3967 5905
2 4107 233 6289 1773
1 3375 2934 1739 7291
1 4623 4250 7468 6509
1 5355 6766 1537 4044
1 6978 2504 6574 2966
2 1974 30 7992 6069
1 3540 6115 572 3270
1 7954 325 4649 4113
2 5605 892 6785 6028
1 5155 7106 4107 1829
2 3874 5346 3332 4386
2 7882 4913 1324 3622
1 1153 3460 5605 4767
1 4538 6387 4059 2192
2 1130 6328 4227 369
2 1746 5869 2131 149
2 6066 6094 6023 2099
1 2505 5991 6972 190
2 7307 5379 7014 3635
1 4046 3323 1380 6758
1 2332 697 409 746
2 4033 6983 6680 2854
2 812 4327 6710 1649
2 3096 6989 1608 5949
2 7352 1098 3084 590
1 2084 5023 502 402
2 6261 3308 4654 3966
1 6050 308 2415 1004
2 4275 6507 366 2353
1 2575 5042 6525 2579
1 2232 4078 2735 3973
1 5276 792 7273 1883
2 1634 5831 5746 7448
1 7991 7781 3778 3685
2 3015 1367 2508 2641
1 7570 2920 4828 218
2 7270 4305 2048 1025
