55 72 255
2 3133 291 3866 6882
1 3603 1543 5349 3431
2 26 1268 4517 716
1 6809 6033 6216 5586
1 2784 6145 2749 5907
2 2245 3890 3072 1894
2 202 3780 2252 5579
1 309 1312 7824 4299
1 603 7604 3752 2
2 1806 1452 5510 2956
2 7216 5298 6338 3274
1 470 172 5323 5394
2 2728 3508 3435 5825
2 2437 6532 505 1121
2 3712 1759 920 6556
2 4890 2688 5155 4989
1 2509 1510 7616 5618
1 5552 1760 1690 6692
1 5108 7456 7799 6990
2 6321 4121 5847 5814
1 5703 6183 1328 817
1 5312 5855 7128 5476
2 1630 5582 5957 5397
1 7869 912 5272 2387
1 6000 5099 3514 1923
1 6952 1301 7221 7894
1 7339 5082 5844 537
1 1594 549 154 3451
2 959 6029 6532 6099
1 7286 2082 1549 429
1 774 7676 3957 5085
1 6219 5903 5248 4679
2 1075 7365 1137 5662
1 2607 5411 1398 379
1 6261 5026 224 392
1 1788 6478 3649 4209
2 2738 6228 841 1938
2 2799 7553 7063 1708
1 1858 4705 194 4358
1 3193 2234 3155 3029
2 4118 5866 7344 1889
2 4211 2187 651 7207
2 4932 4495 5629 1313
2 5362 5674 1788 6818
2 3998 5000 6615 6425
2 3865 4730 1355 6978
1 6637 2745 4773 260
2 3149 1848 7007 7273
2 887 2587 3565 5462
2 6858 1513 3924 7740
2 4719 2966 6777 1055
1 7982 601 7262 6451
1 4058 213 4619 3582
1 2760 986 7037 1858
2 4252 3102 7856 473
1 1936 4778 6879 573
2 6584 7007 3578 3135
2 2602 1329 212 2536
2 6573 1207 6909 53
2 7057 2797 2932 7502
1 4365 4251 154 4652
2 3262 4644 6635 82
2 7982 4402 4528 7120
2 1102 56 5472 4352
1 2394 2559 3699 2933
1 5587 3605 3272 4824
1 6063 3279 525 3794
2 1958 1900 4195 3870
2 3531 3655 5515 5335
2 5912 6422 1306 6641
2 7241 1476 7691 2442
2 6471 954 2319 5435
