92 38 85
1 1667 7715 7742 2246
2 1717 5655 430 7616
1 695 1051 3918 3193
1 5771 1368 6704 2936
1 5971 1742 557 1165
1 5999 4261 298 5844
2 3001 337 6859 1121
1 6069 2687 4937 2058
2 6356 5167 872 1488
1 5313 1858 1803 3184
1 1294 1998 5763 1054
2 1257 6159 3737 282
2 7631 7554 7643 986
2 7758 1241 5695 5931
1 1603 7598 3612 7300
2 7858 5903 1006 3637
2 6274 2195 6290 3865
1 4591 3961 1978 6915
1 4469 4294 6145 765
2 7798 3840 482 1760
1 6181 7450 148 1800
2 5805 3227 2967 3123
2 6756 1982 6475 1926
1 3925 1353 4728 700
1 4253 6637 4298 2913
1 3836 388 2579 1532
2 3832 3197 4173 1534
1 1462 1486 4459 5157
1 3787 3536 7837 4739
1 7445 1040 3167 6629
1 3783 1899 5138 1062
2 2506 512 957 2223
2 2189 125 752 3514
2 5666 2247 5442 7559
1 6710 1141 5273 746
2 889 2157 7715 1122
2 6299 3067 4414 612
1 3471 4744 2059 5649
