16 89 159
1 1893 2826 7110 5289
2 593 608 7434 2772
2 2401 5753 4160 904
2 492 781 3577 7157
2 6434 4876 1368 6254
1 3656 1786 1746 3534
1 4413 1080 172 7330
2 6702 4263 4087 3722
2 3033 2393 31 5482
2 1735 5582 7321 320
2 2024 3230 3548 7420
1 2002 5949 7634 6293
2 2399 390 3932 7790
2 1114 5719 3105 2689
2 2675 5715 3861 3769
1 3346 493 4290 3834
2 455 5671 4397 4531
1 2826 5897 1483 4662
2 1377 1251 5113 3356
1 7925 1985 2048 4451
1 114 4860 5911 2868
2 50 4833 6017 1939
1 1104 5193 7887 2131
1 3626 6737 1832 6452
2 7489 6912 991 6275
1 3110 3686 3301 5067
2 1381 607 3753 2321
2 6379 999 7215 5359
2 7138 2342 7817 4538
1 2676 1978 374 5865
1 5122 2881 2967 166
2 1711 1025 4127 1471
2 2290 6606 3403 6641
1 4247 5369 4215 7676
2 4217 91 4291 2951
2 1245 4678 2752 1718
2 1032 2653 24 7135
1 7249 330 3110 7863
1 5799 6733 7434 308
2 2553 3266 4835 7152
2 1042 4060 3298 6003
1 4217 5086 1897 1479
1 6846 4673 2179 1010
1 4830 7673 3212 2793
1 2125 2033 1599 7783
2 7510 1974 7608 6930
2 1600 2344 1154 6022
1 1522 2215 4703 3224
1 3532 3388 7127 6122
2 381 6003 2274 7626
2 818 5866 6909 3132
1 1261 3134 3363 3004
2 1937 1806 1357 549
2 3387 7956 5986 4574
1 6677 272 5147 3658
2 6844 3800 1654 1177
2 407 2335 251 5911
2 4819 4082 6779 2436
2 1175 5140 3116 3059
1 4938 1286 6749 7124
2 5327 1341 5610 539
1 2559 7961 3260 4506
1 3458 3859 331 3929
1 6512 600 3792 3453
2 1371 7424 6012 3044
2 1331 5665 5885 3307
2 248 240 3599 2202
1 814 3510 155 7515
2 39 5943 2766 5193
2 4236 7489 5239 4696
2 4681 5367 3899 180
1 5036 2770 2884 2306
2 3683 7547 6892 6855
2 6616 6849 575 5483
2 820 2545 1307 7551
2 7633 3139 2180 7158
2 1885 4852 6482 5629
2 5389 4582 2491 5153
2 4384 4599 7530 3344
1 2429 6857 2762 7529
1 7940 4762 7357 1500
2 4247 4894 2690 4135
1 3796 1719 1540 6792
2 1906 2164 6827 759
1 5296 2423 2900 5688
1 4901 2075 7374 2317
2 7360 5577 2169 7338
1 6220 6680 7562 4535
1 3105 7758 4289 7414
