25 67 44
2 5416 28 3317 1074
1 4917 5895 5646 3940
2 2513 4280 2788 1843
2 3155 2254 746 3187
2 7193 1593 7472 3693
2 7651 218 7173 4847
2 7992 7673 739 3077
2 2055 1098 2911 594
2 7801 5207 2721 6122
2 5769 4082 1477 5611
2 1400 6304 6332 3730
2 7283 5427 336 306
2 6080 6163 7304 7858
1 7536 2010 4900 4458
2 2253 7140 7983 2450
1 7085 7004 7402 1181
2 6610 262 327 5637
1 4230 2911 985 1471
2 5949 4567 7611 6174
1 27 4076 5332 5656
1 7723 5239 1754 6040
1 2241 7364 2578 7325
1 7968 977 5351 5569
2 3994 6508 1319 7888
2 4509 5370 7153 393
2 5994 550 6540 1889
1 7936 1741 805 7077
2 7853 6060 2939 7887
2 3891 694 5194 2273
2 7587 7778 3 6728
1 2949 6277 3516 6630
1 229 5490 3772 4604
2 7578 4232 2179 2056
2 7792 5793 7242 7594
2 7544 7764 7500 2586
1 5497 860 5190 7857
2 1040 4596 6248 3101
1 7551 7826 5371 5345
2 1711 415 4018 3071
1 3359 7470 2504 7519
1 5556 6342 775 7714
2 7191 1479 5009 356
2 267 7810 4174 1279
1 591 7221 3603 1369
2 7503 857 569 7543
1 2166 2071 233 6202
2 721 5907 6213 6606
2 376 4080 4839 682
2 6149 1109 2162 3814
2 6401 3033 41 5067
1 5079 6672 2268 2369
2 2989 5023 7060 5511
1 3958 2006 545 7035
2 6755 2023 6019 5419
2 964 7306 7786 4414
2 1467 2138 7757 5964
2 2997 6379 1495 1489
1 1411 2201 7037 6594
1 2086 3615 1907 4437
1 3879 1573 3905 191
2 2579 1556 5736 3927
2 4601 5275 1455 548
1 5251 4147 3588 5137
2 5111 2065 2487 7903
2 3322 3713 3156 5063
1 5823 6424 2091 3309
2 4801 3667 3414 6924
