161 39 252
1 1264 2638 5910 6005
1 57 2602 6867 7340
1 5897 2972 4957 4489
1 6839 2721 329 612
2 6706 2173 7358 666
2 1104 7504 5769 5939
1 1433 5816 4985 967
1 6563 2474 1421 159
2 5598 3057 2238 3462
2 3459 5980 5836 330
1 766 47 6346 2317
2 5833 6113 6202 4840
1 5797 3520 2449 5718
2 5273 906 3081 1857
1 5947 2181 5431 3661
1 1971 7894 1626 4649
2 876 955 3838 1813
1 5695 7061 1344 3550
1 2318 3758 2710 4054
2 6009 5997 1141 1058
2 3448 2427 6157 2999
2 1415 1147 670 6249
1 712 1659 1146 4791
1 7191 1329 3796 2707
1 7485 7668 5748 3254
1 1699 17 2057 5150
1 5159 6319 5502 115
2 938 7895 474 1421
1 5245 3489 1767 5668
2 6338 698 6903 3166
2 2572 3617 6271 4412
2 6275 1147 5897 2022
2 1145 471 7248 6535
1 3729 4681 4345 1627
2 2888 582 6694 1292
2 1135 7274 1729 945
1 655 5382 1494 6180
2 2604 44 7314 5573
2 3045 7982 4791 6847
