42 142 58
1 7987 5074 612 4877
2 4963 116 6550 2746
2 1617 1044 2673 2990
1 1118 917 4978 4935
2 7403 1746 4288 2128
2 6658 5140 7581 7303
1 4889 5001 3986 7515
1 6680 1526 1147 5347
1 2167 6956 2732 3704
2 770 3216 3425 7006
1 7926 2022 621 654
1 7589 7293 5746 2880
2 276 4576 2127 5052
2 3252 6985 1822 2336
2 1068 592 4823 1497
2 4850 5232 3969 3709
1 7022 5279 1882 4983
1 346 3278 1480 5392
2 7610 7495 247 3705
2 1231 4476 1406 2070
1 1774 310 2720 7038
2 2753 1044 5816 3467
1 6543 5434 6369 479
2 4694 4366 1790 4163
2 7040 602 2871 3085
1 986 6464 5595 2752
1 7419 5115 3864 5616
2 6528 337 7375 2777
1 6761 6853 4320 1705
1 957 887 5664 7197
1 6402 5277 984 3330
2 7280 3755 7538 6753
2 1630 1312 1109 2374
1 2064 1934 1200 7627
1 5414 2459 7936 799
1 2384 91 4659 6957
2 1746 106 6051 4901
2 6605 1239 1402 5169
1 2821 3701 3792 1313
2 5447 3831 866 6330
1 3101 855 538 1748
2 3514 6237 6634 2282
1 3798 7541 2689 3180
1 5719 3610 8000 3173
1 3128 2837 7979 3609
2 4462 550 822 4913
2 258 4547 5880 4972
2 3371 1732 3969 648
1 1582 3583 4133 4662
2 5216 4457 3250 491
2 3592 6163 3174 3385
2 7750 7672 341 5185
1 916 6756 5357 3282
2 4914 4715 1645 4964
1 5324 6910 5271 2773
2 4335 2673 2759 374
1 64 4863 6018 5020
1 2629 7771 3106 4640
1 4464 2430 7627 349
1 6475 1596 2021 660
2 3555 6877 7502 7005
2 1738 280 979 1377
2 814 5883 3476 2556
1 2629 6556 263 7647
2 911 7070 6826 3177
2 2360 6995 1008 4404
2 3135 7236 1890 4540
1 7330 1762 4817 3891
1 6821 5747 3316 5655
2 2365 1516 1351 7732
1 3176 2833 3665 5991
2 736 2195 7775 846
1 4567 6837 1487 4154
2 3769 575 5541 5310
2 2510 7350 3748 784
2 4246 7330 5839 6893
2 6384 6807 3241 6905
1 819 485 1655 4292
2 6760 1091 940 7413
1 5189 1023 3921 3552
2 4417 7725 3509 6219
1 7850 2031 3842 1751
1 3123 3293 4870 706
2 6060 275 4910 410
1 7834 3684 6403 2748
1 6437 1831 1687 3750
1 1618 7449 3676 5512
2 5554 7568 7720 6322
2 2346 625 4380 2828
2 968 1481 497 4668
2 4258 2204 7622 42
2 3646 1207 7002 7158
2 1389 3228 2256 1536
2 4928 7054 5983 3838
2 7057 2596 6470 774
1 5997 6229 4130 2003
2 6219 6085 4157 4036
2 2760 7526 2087 7257
2 1113 644 1704 7622
2 219 2539 1165 2489
2 2980 6769 2164 6705
2 4398 4902 817 3314
1 7211 3247 1872 1098
1 5205 1995 5225 3051
1 5646 1978 7194 6398
1 5191 3129 2350 7693
1 5878 7947 7075 3823
1 1873 542 4679 2550
1 3301 5918 4237 7684
2 980 3610 6719 4737
1 4985 4813 3748 7090
1 367 1711 4160 1420
2 2521 4115 2122 6673
2 2844 3814 5451 7775
2 3873 6389 5525 198
1 4763 2496 3423 6413
1 3170 6095 550 1900
1 336 6335 81 680
2 5247 6588 320 3413
1 3146 733 4164 3451
2 3948 2013 5824 3672
1 6010 5268 3898 809
2 7929 842 5968 3196
2 6865 1380 1922 6718
1 2797 4004 1043 7466
1 6052 4495 6776 2630
1 469 692 7246 6445
2 5030 5765 4339 2268
2 1829 3025 1003 2507
1 263 5098 7848 6354
1 4145 3081 7459 6616
1 6111 7086 2765 3190
1 6993 498 7619 3301
2 4779 4568 6585 5111
2 7593 4510 4304 1794
2 6789 1685 3529 7150
1 7826 1971 3819 235
2 1563 4887 3176 7121
2 6371 6904 917 2276
1 471 964 1899 4756
1 1244 5790 4629 3085
1 1127 6570 5343 1210
