67 70 148
2 978 7041 105 4722
1 6548 1360 2556 2362
2 2257 7234 1280 5581
2 1757 4226 7637 2787
2 6433 2498 2779 984
2 7827 424 3666 5378
1 6692 320 4388 1878
2 6442 4241 1239 3490
1 862 2660 5928 4087
2 1344 227 5671 3979
1 7891 7013 1138 726
2 3690 4622 502 7652
2 2696 4490 848 168
1 7541 2233 1253 2314
2 806 5361 6292 7152
1 2069 1174 6323 5418
1 1416 5327 5768 2911
1 6913 5920 4273 3026
2 5397 6873 3208 4209
1 416 4591 6944 2120
1 7309 5251 626 514
2 5861 5413 773 5828
1 1031 3118 7441 4520
2 4541 2329 2670 5067
2 7915 4337 6811 7913
2 6258 6637 7458 7693
1 7245 1474 1765 2194
1 570 4549 7546 1026
1 3215 4468 3943 5383
1 2131 6340 3833 3010
1 6970 510 7603 1401
2 6674 4841 4728 3954
1 1804 4616 3444 7313
1 2691 7843 6967 4571
2 5277 4038 3904 2952
1 5504 2065 1123 757
1 321 1387 2281 5417
2 7296 2430 7315 4533
2 3021 4116 4032 5484
2 5637 6278 7503 2061
2 5992 2200 5478 4409
2 367 5853 7966 4041
2 240 7123 3534 4134
1 7153 5799 7285 3649
2 6827 7628 3084 4555
1 4485 3023 5150 4608
2 813 748 696 804
2 4790 838 7053 7492
1 956 4000 846 1083
1 2908 6035 6464 2027
1 2980 7207 2143 930
1 1068 519 721 5104
2 5864 6903 7996 3415
2 6492 332 3189 2066
1 906 548 159 1190
2 1999 7487 6592 2758
1 1805 4922 5299 3707
2 1180 2901 5363 4723
1 7315 3831 1352 1337
1 7876 1657 6069 5756
1 4051 5159 4378 6058
2 920 4695 5127 713
1 5920 3831 6925 7881
1 2094 2923 14 2542
1 961 3546 6454 4594
2 7507 7037 3943 3320
2 4819 1260 5613 7967
1 4087 663 6687 1949
1 7180 2384 201 2503
1 7861 3183 7967 6997
