138 51 177
1 2583 2478 4908 5589
2 442 3738 6796 3759
1 1468 3608 6312 1493
1 4672 6905 6882 1014
2 4292 7950 6630 6867
2 3060 3032 5486 6910
2 6762 6054 1129 6321
1 2619 4891 4102 3116
1 7149 2574 2852 384
2 3019 1320 189 4297
2 6792 1896 3234 7163
1 4475 3670 3151 4554
2 1224 4629 4941 1959
2 6675 3759 1666 2441
2 2086 4627 4752 7479
2 7694 5898 7009 4846
1 4593 73 5603 1818
2 4151 7428 4053 7492
1 5162 113 6963 5768
2 7203 2808 615 5533
1 4501 2279 4258 1473
1 4530 5710 2721 761
2 6170 1875 783 4039
1 3648 1960 901 3255
2 2681 5392 5920 3287
1 7077 3565 2530 1395
2 4095 2462 1439 1408
1 5716 482 309 3302
1 5113 3668 3248 3359
2 5178 4947 723 509
1 7381 407 4995 6345
2 2299 2812 2841 3683
2 4466 4352 2573 2607
2 3885 2373 2637 5947
2 257 5347 5805 7518
1 7250 1506 6511 3877
1 2545 3818 5459 7074
2 7035 6875 3286 3689
1 3148 3730 7305 4599
2 3497 2285 6492 7278
2 6694 4977 7949 6711
2 3830 3893 5680 7901
2 2711 4096 7906 6769
2 6384 3561 7884 4232
2 6196 5302 4398 7075
2 3882 5975 4432 4830
2 3261 224 238 6994
1 804 2223 7011 538
2 1198 4417 3009 4288
1 217 1854 6842 4124
2 2128 3827 4222 7
