20 102 157
1 3294 426 449 6314
2 8000 4155 998 6104
2 3228 5613 5375 5033
1 708 7952 1399 1162
2 3417 2533 3201 1871
2 6744 7820 4408 6008
1 6535 7241 6471 2281
1 2932 509 551 3134
1 5738 542 1556 7207
2 677 1 221 7900
1 7300 4247 1052 2661
1 2350 4184 7710 6122
1 6529 3475 1098 2181
1 5517 5818 1117 3738
1 4714 6020 6646 6424
2 2945 5266 3310 3694
2 4600 7439 7747 5761
1 1249 2698 6435 329
2 7172 1591 473 3235
1 1679 5068 177 7940
1 6252 4510 5318 1297
1 41 7304 2626 38
2 5781 2838 2276 7504
2 6926 4887 1200 3296
2 3242 4292 4429 7186
1 1224 5224 6657 1191
2 390 4019 4582 1700
2 5925 1802 2290 3797
2 7324 5695 3688 509
2 7614 3503 2218 585
2 902 6248 5361 4209
1 7543 5860 3099 3985
1 5768 6149 851 1376
2 73 266 6355 5630
2 1166 7182 4973 685
1 614 200 6306 4987
1 5376 7086 6748 5601
1 1198 3677 3741 7796
2 220 2049 7614 1707
1 3166 6561 6353 6216
1 3008 378 6049 3086
2 1770 1696 7237 4825
2 5502 3121 5928 6330
1 436 4324 4035 2056
1 5672 6124 5809 3907
2 2524 7463 7989 5442
2 908 2206 6759 7301
1 4922 5405 895 2791
1 4735 538 5326 1598
2 3274 5447 4540 366
1 6879 2495 7629 7544
1 6895 7695 4041 2576
1 6029 4328 2505 6021
2 379 5271 1786 7518
2 2744 6897 3134 2053
2 2680 6675 1075 7051
1 7307 1009 7934 5584
2 6519 2521 2234 248
2 6700 4968 6866 6931
2 6919 2696 3997 3272
2 3422 5302 3536 4147
1 213 4453 7003 4116
1 1084 4676 2475 3830
2 7780 886 5582 7843
1 813 4641 5947 2775
1 2877 7562 2322 1262
2 4884 5927 5221 2605
2 5260 3277 7269 2319
1 6977 6142 7148 7959
1 49 2905 3758 2962
2 5307 3619 3525 5188
2 5198 397 4114 3721
1 2014 131 1736 6420
2 6471 5185 1965 3419
1 5339 5537 6634 7830
2 1251 1207 6614 743
1 2846 2388 4206 7929
1 915 2918 3726 7266
1 7888 3715 2186 1672
2 2801 3688 7880 4001
1 3481 6036 6934 5543
2 583 338 5847 7433
2 1589 6581 5439 955
2 5938 6896 4214 7988
2 1309 308 2039 52
2 1661 5132 5468 2252
1 804 2134 4214 1272
1 6443 7330 4105 2880
1 986 7364 996 5561
1 40 2008 616 206
2 5589 1893 1620 3367
2 4548 5476 5520 7697
2 7294 352 5189 5641
2 1697 3907 4295 3343
2 6691 7727 5040 5385
1 5148 2327 1968 840
2 7666 5711 3381 7659
2 2516 1921 1290 338
1 3779 4280 7241 332
1 5272 1533 5614 7088
2 4341 7231 7073 834
1 6242 3872 5667 2179
