171 125 30
2 241 4005 2272 6799
2 6070 3519 1526 4505
2 7822 6181 5371 2037
2 6492 4753 5706 7874
1 4293 6067 5353 592
2 5155 5013 5814 2210
2 693 560 2969 6527
2 655 4512 6621 183
1 610 6281 1156 1068
2 4836 7175 6893 1967
1 206 4799 743 3522
2 5833 7263 7900 6460
2 7434 4960 3300 4284
2 1165 305 2184 3834
2 2464 7959 3502 23
1 7232 4176 5495 3282
1 3846 4692 2138 2199
1 6679 1304 2587 183
1 4993 3617 6022 1205
2 1874 7966 1621 5223
1 3775 4548 2446 7780
1 767 4071 1600 3216
1 3401 4987 1794 4728
1 1731 6161 344 5582
2 5325 6053 6040 867
2 1055 4073 2133 6683
1 6556 3557 5974 1866
2 2932 40 6428 264
2 5081 2002 450 1926
2 5148 284 4965 7240
1 6548 810 3200 4294
2 5383 7598 5525 2228
2 1825 476 6041 829
2 4219 401 3461 5910
1 3327 5467 6453 2100
2 7119 874 5353 2579
1 4337 5052 2233 480
1 5659 1339 5589 2604
2 1048 2390 2044 3003
2 3919 7155 577 5376
1 5206 3836 891 1195
1 3788 2026 2442 1953
1 6662 3868 2685 2437
2 5968 2215 805 5921
2 4822 4818 2251 682
2 3302 2766 4161 4926
2 2997 879 7879 2430
2 1103 7733 6927 4887
1 1267 7993 7853 7516
2 5539 1637 643 2366
2 1757 3843 460 6227
1 5574 6401 6025 7078
1 2645 6529 2945 6913
1 1137 4239 583 7172
1 3133 7876 1127 4045
1 3319 6393 976 2624
2 2495 344 996 3562
2 2775 674 3016 2244
2 7794 2040 5656 1980
1 7902 4323 5431 6745
2 2664 597 6423 704
1 1786 7042 6440 691
2 3950 5807 7695 230
2 459 4824 6104 1590
2 2644 965 5942 6874
1 7139 4400 5730 2501
2 1201 1656 2444 819
1 2157 133 5010 7905
1 5477 2444 4900 6812
2 259 3622 4672 2137
1 6580 5124 3766 4028
1 6261 3543 2096 5407
1 1512 4692 3483 2985
2 6380 2743 6266 443
1 3044 5713 2629 5831
1 4731 1118 1234 1354
1 326 3768 7906 5782
1 6601 2605 7457 1875
1 1121 1370 81 2356
2 296 5429 7456 3107
1 7869 6540 363 3652
1 4763 4592 6999 7734
1 1440 4093 7630 3377
1 7715 2329 2226 3705
2 6586 7041 1441 3696
1 2836 6961 4914 76
1 1563 4873 814 2444
2 7329 7861 4004 5535
2 1872 2184 1418 6902
1 3179 7392 5463 4570
2 1631 7953 5996 6414
1 1628 5262 5823 3060
1 7617 2216 2613 5105
2 6298 6623 1070 3789
1 4568 393 1508 7541
2 4567 575 6343 5836
2 7746 2714 1291 208
1 6352 4922 7776 1974
2 3812 1945 499 6825
2 6572 6165 838 3000
1 5859 2648 4856 3598
2 185 7422 7234 1597
1 269 4669 4502 1338
2 5230 1075 7306 1388
1 5274 1571 3401 3514
2 5075 5686 3243 382
1 4766 5430 4156 6212
2 5876 4602 5936 2793
2 3331 738 7295 5300
2 1754 2435 1033 7690
2 6345 4528 1461 3731
1 1715 7582 4652 4402
1 7224 1119 7410 5697
2 6758 2386 2139 5293
1 2807 6872 7864 673
2 3307 4812 5349 6927
1 3722 3950 1338 7939
1 5046 5755 5639 4186
1 591 2131 714 6443
2 270 4902 4605 515
1 2689 593 3366 3639
2 4635 260 1221 25
1 4839 1205 1974 5204
2 4616 3892 6010 4330
2 6178 2449 5764 95
