82 127 188
1 3675 1957 4720 1200
2 6439 4855 1151 654
1 5822 2455 7728 2832
1 3743 5684 3077 2081
1 7037 1354 1112 419
1 2372 7260 7722 6463
2 5382 819 3130 1319
2 330 165 4824 3755
2 3913 2913 4716 4961
1 1029 514 3341 6905
2 7257 4170 2106 7750
1 4202 2079 4176 2382
1 7773 4664 1669 4210
1 6591 7686 4739 7996
1 2973 1570 7482 2925
2 7538 6448 577 6735
2 7200 2768 349 2530
1 2080 4336 341 4267
1 2396 3959 3848 2405
1 6124 7276 5499 7734
2 2749 3440 2150 1166
2 2046 7117 5567 899
2 3822 7974 5299 7227
1 883 7842 3688 2830
2 3957 3844 4068 6841
1 3176 6719 4092 7564
2 3767 2753 2753 4609
1 6805 271 4804 2778
1 6166 5332 6290 947
1 6237 3475 2948 5301
2 2275 460 4433 1789
1 5800 7269 6382 3723
2 6877 1959 3426 1930
2 3267 7402 6940 6191
2 7253 4394 6736 3518
1 4986 2104 7109 3037
1 2561 5879 1162 4118
2 2975 6702 2102 1148
2 6184 2092 2274 3402
1 1657 1269 1414 5747
2 4679 5783 1989 7475
2 7813 5473 2073 7350
1 723 609 4909 5351
2 361 1773 2330 1111
2 4634 3347 4907 5772
1 7293 5025 4517 5627
2 4538 1089 3824 5702
2 1334 2373 4766 4257
2 2201 674 69 3731
2 6800 1371 7943 71
2 5847 3621 4865 5420
2 7631 7279 7499 7708
2 2052 3984 4345 6102
2 2029 1726 5788 1661
2 1200 1736 4488 4448
2 786 1357 3591 4633
2 1301 6548 1471 4796
1 803 5948 3474 5915
1 3665 6905 5555 1405
1 5652 1238 4544 7858
1 730 4026 5380 7992
2 502 1767 7576 1328
2 1402 3350 4889 7928
2 6380 3546 2660 1493
1 4053 3790 5424 4230
2 5104 4007 7112 1530
1 1580 961 4504 5109
2 3266 6141 1106 7447
1 4422 4690 5333 4057
1 5930 5372 1467 7319
2 6674 989 3448 3147
2 7983 5185 4132 6215
2 294 3980 3553 7600
2 7899 7708 1714 2601
2 49 1924 1950 7310
2 3416 5175 1088 5761
2 3502 1791 4210 7943
2 6974 5626 2801 7723
1 730 6687 196 3174
2 460 2203 7517 3832
1 3009 5098 2128 6582
1 196 6108 5061 1966
1 4188 763 3687 2690
1 6861 5740 4742 3961
1 271 3311 6553 7986
1 4872 6135 5783 4739
2 3247 3596 7828 4322
2 7225 6243 1963 3126
2 5175 6516 3299 7916
1 3380 2116 289 840
1 3614 78 676 3432
2 7490 7496 124 4701
2 4924 6439 4292 2327
1 4436 343 4732 2600
1 4832 1678 5184 3593
1 32 3567 1437 7662
1 1043 4630 2250 4621
2 4153 7860 5344 3568
2 5229 3202 7308 570
2 5536 5462 4271 5748
1 1576 1660 7346 4299
1 2479 1261 1580 3373
1 2972 102 265 2352
2 7801 4309 7556 5167
1 5689 3892 3466 3499
1 7915 7322 1982 7019
2 5014 376 4849 2310
2 7584 5563 841 5103
2 3250 4711 568 2977
2 877 1996 4621 6601
1 1319 2892 5132 6742
2 3877 1443 6086 5065
2 7090 6612 4959 7892
2 5013 7118 4896 4489
2 6040 5312 6748 5407
1 5667 4044 3604 3077
2 5809 1988 3384 2756
1 4842 2282 7712 802
2 1948 4951 938 7364
2 4825 7554 5090 5032
1 3601 6991 1102 55
2 3667 5240 7107 4911
2 1005 1964 2997 5327
2 7524 1722 3266 4690
1 793 3160 6346 7500
2 5234 7540 2030 80
2 7962 7235 4419 5983
