148 141 91
2 2944 7068 6264 5020
2 2245 7581 4558 2795
2 2888 2851 334 2695
1 7577 6410 4284 986
2 7802 742 403 7403
2 333 2963 1700 5323
1 2486 5181 3268 974
2 3519 1761 3918 6477
1 2390 6145 352 1266
1 7851 5380 7117 4091
2 2174 1076 89 1954
2 308 760 226 2456
2 5710 4715 861 5634
1 1333 2933 2800 4120
2 1682 7399 5719 6422
1 5557 1409 7661 5171
1 1505 6922 3212 3384
2 4528 6657 5741 4673
2 3429 4256 1476 7748
1 6443 7551 4152 3594
1 1829 2936 827 2554
2 484 1373 6504 2472
1 4220 1020 2366 2756
2 6676 3046 5637 4640
1 5601 4759 4850 2187
2 7331 1354 5299 3611
1 4108 201 1529 7894
1 1530 3173 4626 1278
2 5669 5080 5082 1039
2 4489 5424 776 4191
1 2245 6986 1830 1130
2 1310 84 2167 1390
2 1948 578 4277 4374
1 3564 2025 1939 1735
2 258 3258 809 1490
2 6398 273 7694 2404
2 3777 6503 6904 5073
2 5198 5699 1194 7937
1 5838 4416 2084 6175
1 1862 4146 531 2156
2 6059 4758 2092 7888
1 7005 830 1336 2682
1 600 6855 6155 2577
1 7738 2405 1146 6956
2 7376 7106 1359 3258
2 49 3419 2638 3734
2 5279 6141 6175 5859
1 882 1070 2381 1772
2 5605 2899 4933 5745
1 7629 2875 131 3462
1 1039 6126 6078 1843
2 7167 4218 6236 5411
1 126 5802 203 4774
2 6120 5477 7783 6793
2 3947 5325 5725 184
1 1576 4876 3103 2259
2 7418 3301 2422 264
2 5998 6853 7357 1847
1 4145 500 6924 1231
2 2704 7926 4791 7183
1 6150 1806 1721 3787
1 7184 7769 6353 3769
2 6327 7641 4531 4730
2 5939 1156 7165 7072
2 5797 1343 4722 2225
1 5614 6000 7647 1168
2 7691 6731 5185 5684
1 2367 2725 3041 5242
1 113 3254 1276 4171
1 7774 4585 5640 7978
1 3142 7675 7126 849
2 5491 2823 1540 1540
2 4886 7891 6711 4814
1 626 6853 5094 3093
2 6049 1997 1822 3605
2 5960 3689 4272 1740
1 2238 2940 2514 1149
2 6020 7651 6342 5061
2 3221 2361 3805 4922
2 1647 3382 1505 673
2 6780 1865 5791 7993
2 4125 3235 2728 4880
2 6686 3818 4715 5337
1 1428 3645 558 7562
1 3886 5293 3979 4473
1 1150 6185 6848 7010
2 245 4125 575 7936
1 1055 3260 5250 5858
1 344 5172 3384 2991
2 1905 6593 1984 428
2 1193 4712 5247 3788
1 5421 7184 3474 3665
2 828 6332 7950 4160
1 5737 2279 2876 5992
2 7932 6917 1402 3935
2 7800 648 1098 6869
2 162 2554 6863 2641
1 5743 2559 3630 3449
1 7066 776 6036 6873
2 4692 423 65 7331
1 4229 6223 5913 2429
2 5117 2337 3103 5700
2 3824 6249 7459 889
2 2759 6846 6545 4523
1 958 3278 5390 1808
2 3899 6418 943 589
2 1525 7078 3576 1205
2 3556 1040 6686 1466
2 7900 2700 4954 7570
1 1997 4392 1243 2255
2 354 405 2853 3680
2 1457 2500 1690 624
1 1898 6871 2748 3388
1 5136 6833 209 2389
2 1952 5049 3693 1976
1 7871 5896 5953 2921
1 1382 1267 2653 7130
1 5488 5097 6961 418
1 5581 7618 4691 2775
2 4257 6949 4418 1590
1 3846 4593 5975 2206
2 815 5388 557 4164
1 3180 3236 5822 5059
1 7921 1023 4968 5843
2 4151 2727 6453 2570
2 3447 5085 226 2154
1 1946 2489 2440 3109
1 4148 7325 3621 1573
2 665 7705 5224 5204
2 2105 1891 2884 4695
1 199 5358 2294 7162
2 1961 1452 2423 7740
1 1835 3023 1861 6951
1 7146 7487 4755 3906
1 835 5488 3322 4840
1 5743 7381 7161 1900
2 1719 6527 729 4712
2 2274 7035 4211 5565
2 3894 889 6836 1532
2 7999 3519 3331 3784
1 2307 1687 753 6179
