44 164 136
1 5996 5923 2982 3664
2 5332 6180 1083 1273
2 6004 1611 3946 4997
1 6669 1889 3526 7477
2 5514 3515 4542 7412
2 1053 5025 2658 4056
2 919 434 2835 1960
1 3785 334 7583 2207
2 5379 6674 5901 5477
2 937 5177 7644 7382
2 7377 3081 443 375
1 2843 3198 1489 2584
1 121 2720 4864 4530
1 3421 5417 630 1332
2 6768 4671 6419 429
2 1730 1786 1221 2915
2 3175 6048 6187 2184
1 2457 4389 6355 5494
2 7777 3312 5568 3734
1 2752 6930 615 4704
2 6828 7938 5095 6230
2 4045 2039 1043 7372
1 6103 4044 5442 748
1 7861 4625 3420 1381
1 3601 1320 611 6116
1 7351 5432 4736 2275
1 2253 777 7194 7261
2 4583 4365 3901 786
1 2229 6777 4597 7161
1 34 112 4196 7548
2 988 4840 4179 4241
1 1347 692 7024 6860
2 2005 2336 1653 518
2 4310 4396 888 5097
1 4858 3892 397 1514
2 1214 4282 2416 6499
1 5243 1281 7783 2441
1 4886 2110 4775 7305
2 7907 4835 1077 3628
1 2913 2240 5668 1401
2 4554 5729 2484 4194
2 7284 3925 5619 676
2 7685 1289 6662 1907
2 1526 6032 6373 2073
1 7801 3036 4322 7628
1 7552 4014 7424 7062
2 2649 1675 690 3434
1 6006 5546 2105 3925
1 6395 701 2491 7314
1 2146 4204 6876 2256
1 5272 3202 581 7836
2 3162 3383 6696 6473
1 4852 7331 6014 3083
1 7618 2968 4339 5934
2 3188 1150 4594 4003
2 3445 880 833 6886
2 1450 7530 75 3870
1 2413 4229 6874 6350
1 8000 6915 2183 5296
2 6204 3964 2941 6063
1 4141 7808 4964 2986
2 916 306 5459 1781
1 4184 1318 1163 3574
2 5174 2341 2230 6240
2 2054 6463 3388 2445
2 5715 6737 2035 3957
2 31 5588 642 3442
1 7981 2270 5937 7094
2 7095 1073 3 5121
1 5198 7927 7910 3498
1 7949 1892 4808 5230
1 3142 2161 1709 4866
2 4134 7170 791 2307
1 2664 5898 5378 6084
2 6650 6656 6413 2394
1 5412 3058 358 4539
2 6916 6311 7 2591
1 733 6743 5412 3883
2 6161 3511 7076 4906
2 1590 6138 5948 390
1 5805 5366 6888 3393
1 2043 4742 67 2492
1 2367 7920 312 4582
1 441 5324 4693 23
2 4058 1741 1273 7276
2 7859 1244 2265 7774
2 5745 1043 2183 2794
1 7497 7597 5579 3080
1 466 2904 6309 4848
2 2457 989 2447 6047
1 7526 6667 2977 2434
2 5593 4392 6236 4370
2 6686 6595 2446 3359
1 6570 7778 1095 3877
2 4158 6935 2469 5079
1 6976 1729 298 5500
2 4107 7791 483 6423
2 6540 5645 6003 3665
2 6205 5206 2910 2588
1 1026 1761 5084 3461
1 4692 2133 5730 122
2 1561 4494 5898 7975
1 5685 5392 7720 1627
2 3708 859 7545 2727
1 641 7241 1403 5371
2 4275 1669 6486 1440
2 5521 6824 3099 3400
2 3409 7987 1719 1497
1 3034 5854 3422 4955
2 687 3121 775 6135
2 4980 6046 3702 5426
2 279 4281 7644 2068
2 4017 3495 7549 3832
1 43 1751 3058 6803
2 6436 6041 3700 3265
1 4390 1686 4692 5303
1 352 1184 1144 2283
2 3589 526 6419 111
2 2268 7097 3226 2025
2 3248 6912 4807 4774
2 4324 4183 2938 4253
2 1960 2455 3879 566
1 4619 4412 1434 1010
1 7722 5143 7704 5615
1 4656 3070 6704 4083
2 1279 3347 5828 1820
1 7440 641 406 5673
1 5104 2469 1541 3889
2 2943 2209 1037 4273
2 4476 4645 1413 68
2 6309 821 6309 7729
2 2023 6131 5051 3533
2 5220 2348 3816 3344
1 526 2330 2811 3387
2 1124 1204 6009 1431
1 79 2901 4600 6665
2 6801 6342 4488 6934
2 7068 4555 5244 596
2 4561 2960 7638 1010
2 269 1439 1026 5597
2 3657 2953 3008 2572
2 4636 2250 5304 4592
2 1356 6033 1982 4155
1 2832 7055 7624 2994
2 1541 6192 2084 2857
1 7575 3589 5538 5919
1 2812 2727 4060 3969
2 2478 5705 794 752
1 5097 5524 3352 4216
2 732 4785 4431 5888
2 1657 1635 2617 2128
1 5694 3481 1815 508
2 817 7137 2313 1733
2 5182 6051 968 2408
2 1880 1268 7922 7600
2 5225 575 7373 3686
1 559 1005 4071 739
2 1720 4373 4138 1625
2 7814 5766 6430 1884
1 692 2489 3474 764
2 7154 7920 733 4174
1 5645 6569 7449 5670
1 106 637 6761 3925
1 6215 5599 1260 3293
