149 55 142
2 5328 802 2215 7487
1 6028 7736 3668 5719
1 3636 3014 3119 5274
1 5776 1123 5754 6780
1 7080 7682 1202 3737
1 3935 2217 147 2943
2 1130 1509 266 6556
2 7002 7622 7037 3251
2 7384 6095 3943 7038
2 3747 2341 6154 3574
2 4381 6412 2360 6264
1 7941 5569 7151 5502
2 6206 5649 2360 3279
2 6556 6026 6178 7153
2 1850 5740 6271 4052
2 786 2007 7369 4637
1 5862 49 6394 1184
2 3535 6478 7391 2933
1 6232 4653 5460 451
1 2051 6371 3623 7532
1 7469 6098 5699 4649
1 1331 4923 423 5967
2 3103 4834 6560 7190
1 3147 2623 128 4030
2 4279 7051 2613 5655
2 5563 6440 5192 6365
2 3149 6616 7518 4917
1 3628 5911 3652 1259
1 3719 4195 4770 1639
2 5512 5486 4019 1478
1 7470 3326 3933 5524
2 7633 1890 6847 2077
2 7331 306 373 4078
1 3841 1328 3476 775
1 7341 5086 4395 530
1 7241 330 7267 967
1 5636 5517 2187 6911
1 5478 6587 4838 4675
1 6519 6215 4801 3711
2 7116 1149 4923 7050
2 1718 1352 7560 3472
2 3532 4098 4366 2185
2 3810 5683 1552 4704
2 1105 4276 3506 679
1 6871 3334 3262 1640
1 161 6592 6911 6169
2 2933 1375 3923 4710
2 3646 3797 7625 5298
2 7901 3080 2408 6295
2 6657 5286 4324 7283
1 2545 7504 7344 6781
1 5758 7928 4122 3761
2 3676 2778 1998 6640
1 2902 3311 6487 969
2 2042 5514 290 4212
