150 59 156
1 1128 4748 4238 1547
2 6287 5015 4887 2676
1 5468 7120 1520 880
1 25 4467 5127 7657
2 5272 5035 4023 1226
1 6272 2344 296 888
2 5357 1101 7850 3766
2 1696 3803 7197 1734
1 7273 139 1480 4003
1 358 4150 5127 4937
2 3159 2339 3943 971
2 4270 3822 5303 5536
2 5727 6596 7893 3365
2 3289 4823 4395 7863
2 6360 3898 2865 3721
2 1152 4730 7175 7280
2 3186 1870 1575 5542
1 6770 4449 2077 7951
1 6257 7933 5939 146
2 5698 3199 6968 2093
2 4352 1376 6147 5482
2 3967 684 5009 2779
2 2146 7490 1464 5605
1 3104 7773 7400 634
1 3716 1471 2221 6071
1 5521 1878 7493 7062
2 1412 7969 4941 4451
2 6469 756 3861 7631
2 848 24 5413 908
2 7804 3480 2333 1484
1 2371 1982 1774 4275
2 5750 5965 2023 5481
1 1585 2909 6020 1409
1 5367 5018 1624 7708
2 3074 7689 6357 582
1 3348 6437 46 1056
1 6910 768 1459 3054
1 4560 4648 709 3404
2 2936 4726 5597 2714
2 2610 3346 7401 3590
2 5872 1111 6324 1422
1 6376 4542 1283 4850
2 1905 5018 2838 6213
1 3595 856 5636 4634
2 3215 5610 2577 7459
2 2739 138 3231 7925
1 4961 2916 6416 1321
2 351 5549 6981 3618
2 3570 1496 59 4232
1 121 7229 3883 7867
2 7090 108 3420 4792
2 1516 4096 5897 2792
1 480 3969 6196 2047
1 3680 1196 6061 2949
1 4636 2596 355 2404
2 5225 7239 4463 686
2 33 485 5473 3455
2 3923 5583 5351 4752
1 6873 1642 557 249
