18 170 110
2 1230 2744 4720 7020
1 4082 826 6128 4408
1 545 5804 3111 3375
1 6884 1350 6041 519
1 1122 4595 5264 6785
1 1028 3530 5166 4967
1 2018 3191 2235 6479
1 1303 843 621 2986
2 3651 3842 1240 2925
2 4025 6538 2231 2929
1 3850 2136 1531 4488
2 5444 228 3742 7142
1 5210 5488 7397 5346
2 5123 6859 196 6626
1 251 3016 6102 5336
2 6666 4340 7871 4167
2 1586 2746 3678 6821
1 6370 1797 4431 5899
2 157 2693 5431 6531
2 3869 30 6158 3750
1 5095 2431 596 1658
2 4551 4130 4794 5734
1 1065 1351 4547 4212
1 213 4797 7109 2134
2 7278 3794 5630 6008
1 3451 5319 3572 7360
1 3238 3251 4247 38
1 7945 3149 2079 5667
2 1291 6747 4095 7344
2 7513 7831 6865 7732
2 4576 5031 7354 4992
1 1799 4076 7020 1704
2 5509 4950 2133 7363
1 7386 2948 3073 5643
2 58 2042 5176 2095
1 3684 2311 1630 5369
1 3225 2529 2928 7895
2 3403 733 1516 4786
1 7087 6315 2232 556
2 5500 2743 4169 3890
1 5492 1377 295 6896
2 59 3265 2431 7606
1 5255 920 4448 6722
2 1761 4420 3451 4392
1 2149 5225 4484 2478
1 2528 456 2064 3934
2 300 1268 1531 2289
1 7424 6992 1176 436
2 3916 603 7816 2282
2 2035 6877 922 4155
1 533 5978 4108 6508
2 5896 6195 5498 29
1 4720 7528 6780 913
1 6803 6791 4314 3991
1 6142 2115 2745 2918
1 2312 4623 1739 4407
1 6487 7684 2146 214
2 3270 7763 1162 4291
1 3035 4414 4420 5987
1 195 7792 7054 2384
1 6035 2649 2325 2009
1 4408 1987 6413 6867
2 3055 4285 3974 5746
1 6070 5656 7857 5490
1 882 2378 5609 4247
2 1863 3020 2774 2815
2 5591 7404 4629 6053
1 7378 6652 3756 4201
1 7304 7555 691 4671
2 1718 279 5131 1706
1 5642 577 4547 195
2 5954 6617 973 4911
2 4172 2568 5504 665
1 556 6853 2588 4508
2 1183 7656 2101 37
1 7959 2238 6863 3819
1 5463 2381 3620 6381
2 5274 5894 3023 2064
2 5551 7121 500 4553
2 4695 7831 2217 5208
1 4036 3667 2151 1974
2 7242 6477 143 3931
2 3588 1249 7857 2501
1 1433 7531 3926 878
2 3627 3973 1763 6069
2 1904 5453 5825 2226
1 2993 6982 2523 860
1 6398 2288 3896 4161
1 6960 7327 3711 1344
1 3042 7326 1179 808
2 5919 4874 6029 5317
2 1040 7110 4494 39
2 5543 7226 6895 3080
2 635 2249 3718 6580
1 6205 6659 1240 6172
2 3447 5866 1640 2077
2 6873 1698 6916 2602
2 3722 5557 675 4003
2 2411 2336 2362 3262
1 636 2000 2810 7345
2 7536 2919 2962 916
1 1313 7006 606 583
1 5356 38 1817 5866
1 699 6479 6070 1713
1 5044 221 3189 3942
1 1973 2927 7147 5760
2 3317 5738 4925 4178
2 761 7963 5988 5399
2 5981 1706 1362 1349
2 2954 4194 534 5057
2 3982 6384 2039 6460
2 4106 439 1559 2185
2 4516 6334 1490 907
1 2869 2627 6344 1960
2 666 5640 6526 819
2 5408 522 4200 5277
1 6611 1025 3385 7297
2 2920 4022 2404 5361
1 6379 4286 1654 4078
1 1997 5962 139 4156
1 2347 6799 6972 6529
1 6225 5294 2692 4004
2 5187 7697 4481 3802
2 3733 3384 3399 1445
1 6219 1845 3144 874
1 4082 7233 3556 818
2 2647 4396 7373 6198
2 7395 4275 7895 1211
1 5533 5955 7590 6857
1 3153 2654 3103 1091
1 5580 6740 2024 4499
2 7485 7369 1498 7563
2 6675 1927 6077 6556
2 7549 399 5191 2528
2 7049 3705 6374 2068
1 1882 934 1224 6174
2 5162 874 4577 6018
1 7530 1692 3873 3226
1 4038 6002 7665 5006
1 2399 370 7621 1149
2 324 679 5622 6976
1 5686 6915 5317 7097
2 5762 4991 4634 5870
1 1908 6249 1385 2302
1 5625 5975 46 1575
1 1784 5484 1395 7833
2 2857 3052 131 3703
2 1709 825 1183 6496
1 153 5424 667 5031
1 7263 542 4985 7463
1 7601 5220 7175 4922
2 7560 4803 3683 4976
2 996 3631 6064 6977
2 7157 2056 723 1858
1 3498 7217 6030 830
2 2316 6499 7142 6664
1 273 3463 7183 7042
1 5318 5251 6864 587
1 4516 7356 5919 2798
2 6356 701 570 1132
2 4718 5262 6689 1320
1 6553 6292 5531 4051
1 4912 3219 1667 7092
2 6854 2451 290 1040
2 6448 61 6792 5162
1 1698 4978 1498 2282
2 7587 1702 7076 3953
1 5104 7132 3501 6368
2 5675 1189 4901 2679
1 773 5546 3879 6477
