185 63 227
1 7674 3498 4542 6852
1 6007 4540 3216 7640
2 2870 2812 1216 6135
1 4676 2127 6247 7329
2 7775 6134 6983 5950
1 4174 5208 5343 332
1 4630 709 7383 5868
2 3278 1169 1871 7607
2 1667 7402 4234 2278
2 7937 7509 2657 2668
2 6387 5462 610 1115
2 1350 1616 966 406
2 3370 1892 2522 292
1 227 4373 919 5483
1 4675 6019 4230 3776
1 1099 2951 5921 1251
1 7537 176 3337 2678
2 3446 7644 2320 2967
1 2803 2422 5889 1248
2 7025 5165 7608 335
1 1653 2593 1030 4017
2 6998 3710 6884 1164
1 6819 3609 3533 2012
1 647 4255 6301 5364
2 7475 6098 5762 7148
1 2940 6129 7413 3448
1 3972 6111 3167 3301
1 5828 288 4643 5830
1 4779 6131 6425 5659
1 7293 6291 7617 1167
2 246 6830 2629 261
1 7048 175 7309 7126
1 6289 2515 1988 6123
1 371 5763 684 2833
2 1397 4267 5158 3647
2 6296 3674 1837 2358
1 1666 5892 3453 2646
1 5054 4950 3154 2946
2 7285 5025 7978 3064
2 1870 1643 2657 2037
2 3115 308 5319 177
2 7944 5461 2947 7894
1 4191 4665 7522 2158
1 2849 6396 43 5644
2 6227 6132 306 2663
2 4030 259 1190 222
2 6804 1389 2288 6807
2 815 4921 6748 6259
2 2577 6701 5910 2737
2 297 4807 5511 2510
1 2291 3968 6349 3469
1 2283 6886 5920 7504
2 7470 6546 7568 1218
2 4700 730 3683 6724
1 2095 4855 405 4355
1 6996 1899 6662 3894
2 3009 1417 3666 4541
1 1531 4816 3858 6409
2 7835 2318 3392 2749
1 4992 7210 5608 4387
2 7288 1923 6452 6625
2 1242 3033 703 6754
1 198 6839 972 972
